T00_001 
0	1	19600	19.9979,-1137.3,6378_6396_6424_6423_6242_6241_6241_6241_6241_6260_6259_6259_6259_6259
1	2	11573	6.09781,-599.937,6278_6277_6277_6277_7000_6999_6999_7022_7021_7046_7045_360_359_388_387_387_387_387_387_387_387_402_401_401_401_4004
2	3	7301	-2.48692,-427.563,4003_4032_4031_4076_4075_4075_2656_2655_2655_2658_2657_2657_2657_2657_2657_2657_2670_2669_2669_6892_6891_6891_6891_6891_6891_6891_6916_6974_6973_6973_6973_3394_3393_3410_3409_3409_3409_3409_3416_3415_3415_3415
3	4	32371	11.7174,-816.6,1112_1111_1111_1204_1252_1251_1430_1429_1429_1492_1491_1491_1491_1532_4116_4115_4115_4115_4115_4136_4135_4135_4135_4135_4172_4171_4171_1260_1259_1262_1261_1261_1261_1268
4	5	34087	2.7949,-1113.64,1267_1267_1267_4014_4013_4013_4013_4050_4049_4049_4049_4086_4085_2584_2583_2583_2583_2602_2601
5	6	11949	-7.71921,197.617,2601_2601_2630_2629_1020_1019_1019_1019_1019_1040_1039_1039_1039_1050_1049_1049
6	7	32371	9.46773,-644.532,1049_1894_1893_1893_1910_1926_1092_1196_1220_2450_2449_2449_2449_2449_2449_2449
7	8	16359	1.99673,-470.495,2474_2492_2116_2142_2141_2141_2141_2188_2187_4584_4604_4603_4603_4603_4603_4614_4613_4613_4613_4613_4613_6988_6987_6987_7026_7025_7025_7025_7058_7057_7057_6292_6291_6291_6291_6291_6296_6295_6295_6295_6306_6305_6305_6305_6305_6305_6305_6305
8

