我   0	1	19600	19.9979,-1137.3,6378_6396_6424_6423_6242_6241_6241_6241_6241_6260_6259_6259_6259_6259
我家   0	12	19612	30.1592,-1748.48,6378_6396_6424_6423_6242_6241_6241_6241_6241_6260_6259_6259_6259_6259_6278_6277_4000_3999_3999_3999_4032_4031_4076_4075_4075_2656_2655_2655_2658_2657_2657_2657_2657_2657_2666_4012_4011_4011_4011_4011_4011
国家   0	46	11357	22.6068,-1167.35,2132_2168_2192_6210_6209_6209_6209_6228_6227_6227_6227_6227_6227_6238_6237_6237_4000_3999_3999_3999_4032_4031_4076_4075_4075_2656_2655_2655_2658_2657_2657_2657_2657_2657_2666_4012_4011_4011_4011_4011_4011_4011_4032_4076
在   1	2	11573	6.09781,-599.937,6278_6277_6277_6277_7000_6999_6999_7022_7021_7046_7045_360_359_388_387_387_387_387_387_387_387_402_401_401_401_4004
家家   1	24	15044	16.7609,-966.03,6278_6277_4000_3999_3999_3999_4032_4031_4076_4075_4075_2656_2655_2655_2658_2657_2657_2657_2657_2657_2666_4012_4011_4011_4011_4011_4011_4011_4032_4076_4075_4075_2656_2655_2655_2658_2657_2657_2657_2657_2657_2657_2670_2669_2669_6892_6891_6891_6891_6891_6891_6932_6931_6931_6948
参加   1	26	8621	11.7075,-909.61,6278_6277_6277_6277_960_959_959_976_975_975_980_979_440_439_439_439_439_439_448_447_447_447_447_447_458_4024_4023_4032_4031_4076_4075_4075_2656_2655_2655_2658_2657_2657_2657_2657_2657_2657_2670_2669_2669_6892_6891_6891_6891_6891_6891_6932_6931_6931_6948
咋   1	27	10259	15.3788,-642.232,6278_6277_6277_6277_7000_6999_6999_7018_7017_7056_7055_7055_7055_118_117_117_126_125_125_142_141_141_141_4012_4011_4011_4011
再   1	45	5688	5.86,-45.4038,6278_6277_6277_6277_7000_6999_6999_7022_7021_7046_7045_360_359_388_387_387_387_387_387_387_387_402_401_401_401_4004_4003_4032_4031
站   1	46	34552	7.87215,-79.5177,6280_6279_6279_7070_7069_7069_7128_7127_7136_7135_7135_7135_7135_556_555_555_555_578_577_577_577_577_577_600_599_4024_4023_4032_4031_4076
摘   1	46	21859	9.13102,-81.326,6280_6279_6279_7070_7069_7069_7128_7127_7136_7135_7135_7135_7135_262_261_261_268_267_267_267_267_267_267_276_275_4004_4003_4032_4031_4076
家   2	3	15015	8.15575,-342.52,4003_4032_4031_4076_4075_4075_2656_2655_2655_2658_2657_2657_2657_2657_2657_2657_2670_2669_2669_6892_6891_6891_6891_6891
佳   2	18	3891	12.9038,-342.52,4003_4032_4031
加薪   2	39	7301	9.51308,-427.563,4003_4032_4031_4076_4075_4075_2656_2655_2655_2658_2657_2657_2657_2657_2657_2657_2670_2669_2669_6892_6891_6891_6891_6891_6891_6891_6916_6974_6973_6973_6973_3394_3393_3410_3409_3409_3409_3409_3416_3415_3415_3415
加   2	24	7253	11.9438,-342.52,4003_4032_4031_4076_4075_4075_2656_2655_2655_2658_2657_2657_2657_2657_2657_2657_2670_2669_2669_6892_6891_6891_6891_6891_6891_6932_6931_6931_6948
闲   3	4	46128	-2.03927,-179.096,6891_6932_6931_6931_6948
先   3	21	4853	2.1643,-132.71,6891_6932_6931_6931_6948_6947_6947_2738_2737_2737_2750_2764_2763_2763_2763_2763_2763_2763
显得   3	23	23663	14.1851,-945.575,6891_6932_6931_6931_6948_6947_6947_2816_2815_2815_2828_2838_2837_2837_2837_2837_2837_2837_1082_1081_1081_1204_1252_1251_1430_1429_1429_1492_1491_1491_1491_1532_4116_4115_4115_4115_4115_4136_4135_4135
县   3	28	8604	2.22712,-102.59,6891_6932_6931_6931_6948_6947_6947_2858_2857_2857_2874_2892_2891_2891_2891_2891_2891_2891_1082_1081
的   4	5	32371	12.5163,-770.769,6947_6947_2778_2777_2780_2779_2810_2809_2809_2809_2809_2809_2809
地   4	10	11607	14.2526,-770.769,6947_6947_2778_2777_2780_2779_2810_2809_2809_2809_2809_2809_2809_1082_1081_1081_1204_1252_1251_1430
得   4	16	18136	15.4694,-770.769,6947_6947_2778_2777_2780_2779_2810_2809_2809_2809_2809_2809_2809_1082_1081_1081_1204_1252_1251_1430
着   4	17	32988	11.9567,-735.584,6947_6947_2778_2777_2780_2779_2808_2807_2807_2807_2807_2807_2807_2807_7080_7079_7124_7132
科技   5	6	34087	14.7949,-1113.64,1082_1081_1081_1204_1252_1251_1430_1429_1429_1492_1491_1491_1491_1532_4116_4115_4115_4115_4115_4136_4135_4135_4135_4135_4172_4171_4171_1260_1259_1262_1261_1261_1261_1268_1267_1267_1267_4014_4013_4013_4013_4050_4049_4049_4049_4086_4085_2584_2583_2583_2583_2602_2601
可   5	36	9289	10.1136,-469.171,1082_1081_1081_1204_1252_1251_1430_1429_1429_1492_1491_1491_1491_1532_4116_4115_4115_4115_4115_4136_4135_4135_4135_4135_4172_4171_4171_4171_1314_1313_1313_1322_1321_1321_1332_1331_1331_4014_4013_4013_4013_4050_4049_4049_4049_4086_4085_2584_2583_2583_2583_2602_2601_2601_2601_2630_2629_1020_1019_1019_1019_1019
的   5	38	32371	4.42121,27.2921,1082_1081_1081_1204_1252_1251_1430
科   5	43	34072	3.54649,-147.67,1082_1081_1081_1204_1252_1251_1430_1429_1429_1492_1491_1491_1491_1532_4116_4115_4115_4115_4115_4136_4135_4135_4135_4135_4172_4171_4171_1260_1259_1262_1261_1261_1261_1268_1267_1267_1267_4014_4013_4013_4013_4050
城   6	7	11949	-4.71921,197.617,2601_2601_2630_2629_1020_1019_1019_1019_1019_1040_1039_1039_1039_1050_1049_1049
成   6	32	19528	2.04061,213.409,2601_2601_2630_2629_1020_1019_1019_1019_1019_1040_1039_1039_1039_1050_1049_1049_1049_1894_1893
称   6	47	34172	1.6284,241.104,2601_2601_2630_2629_1020_1019_1019_1019_1019_1040_1039_1039_1039_1050_1049_1049_1049_1049_1864
成功   6	49	19544	9.59826,-429.961,2601_2601_2630_2629_1020_1019_1019_1019_1019_1040_1039_1039_1039_1050_1049_1049_1049_1894_1893_1893_1910_1909_1909_1926_1925_1925_1925_1925_1925_1925_1925_1925_2138_2137_2166_2165_2165_2188_2187_2187_2187_4584
承   6	37	20238	4.16561,213.409,2601_2601_2630_2629_1020_1019_1019_1019_1019_1040_1039_1039_1039_1050_1049_1049_1049_1894_1893
盛   6	37	32578	4.22323,213.409,2601_2601_2630_2629_1020_1019_1019_1019_1019_1040_1039_1039_1039_1050_1049_1049_1049_1894_1893
程   6	37	34226	4.66854,213.409,2601_2601_2630_2629_1020_1019_1019_1019_1019_1040_1039_1039_1039_1050_1049_1049_1049_1894_1893
的   7	8	32371	9.46773,-644.532,1049_1894_1893_1893_1910_1926_1092_1196_1220_2450_2449_2449_2449_2449_2449_2449
工作   8	9	16359	1.99673,-470.495,2474_2492_2116_2142_2141_2141_2141_2188_2187_4584_4604_4603_4603_4603_4603_4614_4613_4613_4613_4613_4613_6988_6987_6987_7026_7025_7025_7025_7058_7057_7057_6292_6291_6291_6291_6291_6296_6295_6295_6295_6306_6305_6305_6305_6305_6305_6305_6305
9	0,0,6305_6305_6305
科技   10	11	34087	14.163,-1113.64,1429_1429_1492_1491_1491_1491_1532_4116_4115_4115_4115_4115_4136_4135_4135_4135_4135_4172_4171_4171_1260_1259_1262_1261_1261_1261_1268_1267_1267_1267_4014_4013_4013_4013_4050_4049_4049_4049_4086_4085_2584_2583_2583_2583_2602_2601_2601_2601_2630_2629_1020
的   10	42	32371	3.12629,27.2922,
可   10	36	9289	8.98469,-469.171,1429_1429_1492_1491_1491_1491_1532_4116_4115_4115_4115_4115_4136_4135_4135_4135_4135_4172_4171_4171_4171_1314_1313_1313_1322_1321_1321_1332_1331_1331_4014_4013_4013_4013_4050_4049_4049_4049_4086_4085_2584_2583_2583_2583_2602_2601_2601_2601_2630_2629_1020_1019_1019_1019_1019
科   10	51	34072	2.41758,-147.67,1429_1429_1492_1491_1491_1491_1532_4116_4115_4115_4115_4115_4136_4135_4135_4135_4135_4172_4171_4171_1260_1259_1262_1261_1261_1261_1268_1267_1267_1267_4014_4013_4013_4013_4050_4049_4049
城   11	7	11949	-4.44089,197.617,1019_1019_1019_1019_1040_1039_1039_1039_1050_1049_1049
成   11	32	19528	2.04061,213.409,1019_1019_1019_1019_1040_1039_1039_1039_1050_1049_1049_1049_1894_1893
称   11	47	34172	1.6284,241.104,1019_1019_1019_1019_1040_1039_1039_1039_1050_1049_1049_1049_1049_1864
成功   11	49	19544	9.59826,-429.961,1019_1019_1019_1019_1040_1039_1039_1039_1050_1049_1049_1049_1894_1893_1893_1910_1909_1909_1926_1925_1925_1925_1925_1925_1925_1925_1925_2138_2137_2166_2165_2165_2188_2187_2187_2187_4584
承   11	37	20238	4.16561,213.409,1019_1019_1019_1019_1040_1039_1039_1039_1050_1049_1049_1049_1894_1893
盛   11	37	32578	4.22323,213.409,1019_1019_1019_1019_1040_1039_1039_1039_1050_1049_1049_1049_1894_1893
程   11	37	34226	4.66854,213.409,1019_1019_1019_1019_1040_1039_1039_1039_1050_1049_1049_1049_1894_1893
佳   12	13	3891	8.83779,-354.852,4011_4032_4076_4075
家   12	25	15015	7.51747,-354.852,4011_4032_4076_4075_4075_2656_2655_2655_2658_2657_2657_2657_2657_2657_2657_2670_2669_2669_6892_6891_6891_6891_6891_6891_6932_6931
加   12	24	7253	8.52529,-354.852,4011_4032_4076_4075_4075_2656_2655_2655_2658_2657_2657_2657_2657_2657_2657_2670_2669_2669_6892_6891_6891_6891_6891_6891_6932_6931_6931_6948
葭   12	24	39423	9.27138,-354.852,4011_4032_4076_4075_4075_2656_2655_2655_2658_2657_2657_2657_2657_2657_2657_2670_2669_2669_6892_6891_6891_6891_6891_6891_6932_6931_6931_6948
加薪   12	39	7301	7.94414,-439.895,4011_4032_4076_4075_4075_2656_2655_2655_2658_2657_2657_2657_2657_2657_2657_2670_2669_2669_6892_6891_6891_6891_6891_6891_6891_6916_6974_6973_6973_6973_3394_3393_3410_3409_3409_3409_3409_3416_3415_3415_3415
嘉   12	24	10902	9.97646,-354.852,4011_4032_4076_4075_4075_2656_2655_2655_2658_2657_2657_2657_2657_2657_2657_2670_2669_2669_6892_6891_6891_6891_6891_6891_6932_6931_6931_6948
歆   13	14	26048	-5.32138,-85.0431,4075_2656_2655_2655_2658_2657_2657_2657_2657_2657_2657_2670_2669_2669_6892_6891_6891_6891_6891_6891_6891_6916_6974_6973_6973_6973_3394_3393_3410_3409_3409
县   13	19	8604	0.25535,-102.361,4075_2656_2655_2655_2658_2657_2657_2657_2657_2657_2657_2670_2669_2669_6892_6891_6891_6891_6891_6891_6891_6932_6931_6948_6947_6947_2858_2857_2857_2874_2892_2891_2891_2891_2891_2891
显得   13	23	23663	14.5366,-945.575,4075_2656_2655_2655_2658_2657_2657_2657_2657_2657_2657_2670_2669_2669_6892_6891_6891_6891_6891_6891_6932_6931_6931_6948_6947_6947_2816_2815_2815_2828_2838_2837_2837_2837_2837_2837_2837_1082_1081_1081_1204_1252_1251_1430_1429_1429_1492_1491_1491_1491_1532_4116_4115_4115_4115_4115_4136_4135_4135
先   13	31	4853	4.68579,-132.71,4075_2656_2655_2655_2658_2657_2657_2657_2657_2657_2657_2670_2669_2669_6892_6891_6891_6891_6891_6891_6932_6931_6931_6948_6947_6947_2738_2737_2737_2750_2764_2763_2763_2763_2763_2763_2763
闲   13	35	46128	4.14628,-179.096,4075_2656_2655_2655_2658_2657_2657_2657_2657_2657_2657_2670_2669_2669_6892_6891_6891_6891_6891_6891_6932_6931_6931_6948_6947_6947_2778_2777_2780_2779_2810_2809
的   14	15	32371	10.4947,-816.6,3409_3409_3416_3415_3415_3415
地   14	41	11607	16.4146,-816.6,3409_3409_3416_3415_3415_3415_1112_1111_1111_1204_1252_1251_1430_1429_1429_1492_1491_1491_1491_1532_4116_4115_4115_4115_4115_4136_4135_4135
科技   15	6	34087	14.7949,-1113.64,1112_1111_1111_1204_1252_1251_1430_1429_1429_1492_1491_1491_1491_1532_4116_4115_4115_4115_4115_4136_4135_4135_4135_4135_4172_4171_4171_1260_1259_1262_1261_1261_1261_1268_1267_1267_1267_4014_4013_4013_4013_4050_4049_4049_4049_4086_4085_2584_2583_2583_2583_2602_2601
可   15	36	9289	10.1136,-469.171,1112_1111_1111_1204_1252_1251_1430_1429_1429_1492_1491_1491_1491_1532_4116_4115_4115_4115_4115_4136_4135_4135_4135_4135_4172_4171_4171_4171_1314_1313_1313_1322_1321_1321_1332_1331_1331_4014_4013_4013_4013_4050_4049_4049_4049_4086_4085_2584_2583_2583_2583_2602_2601_2601_2601_2630_2629_1020_1019_1019_1019_1019
的   15	38	32371	4.42121,27.2921,1112_1111_1111_1204_1252_1251_1430
科   15	43	34072	3.54649,-147.67,1112_1111_1111_1204_1252_1251_1430_1429_1429_1492_1491_1491_1491_1532_4116_4115_4115_4115_4115_4136_4135_4135_4135_4135_4172_4171_4171_1260_1259_1262_1261_1261_1261_1268_1267_1267_1267_4014_4013_4013_4013_4050
科技   16	11	34087	14.163,-1113.64,1429_1429_1492_1491_1491_1491_1532_4116_4115_4115_4115_4115_4136_4135_4135_4135_4135_4172_4171_4171_1260_1259_1262_1261_1261_1261_1268_1267_1267_1267_4014_4013_4013_4013_4050_4049_4049_4049_4086_4085_2584_2583_2583_2583_2602_2601_2601_2601_2630_2629_1020
可   16	36	9289	7.86555,-469.171,1429_1429_1492_1491_1491_1491_1532_4116_4115_4115_4115_4115_4136_4135_4135_4135_4135_4172_4171_4171_4171_1314_1313_1313_1322_1321_1321_1332_1331_1331_4014_4013_4013_4013_4050_4049_4049_4049_4086_4085_2584_2583_2583_2583_2602_2601_2601_2601_2630_2629_1020_1019_1019_1019_1019
的   16	38	32371	3.2923,27.2921,
科   16	51	34072	2.41758,-147.67,1429_1429_1492_1491_1491_1491_1532_4116_4115_4115_4115_4115_4136_4135_4135_4135_4135_4172_4171_4171_1260_1259_1262_1261_1261_1261_1268_1267_1267_1267_4014_4013_4013_4013_4050_4049_4049
科技   17	11	34087	14.163,-1113.64,7131_1418_1474_1473_1473_1473_1473_1473_1532_4116_4115_4115_4115_4115_4136_4135_4135_4135_4135_4172_4171_4171_1260_1259_1262_1261_1261_1261_1268_1267_1267_1267_4014_4013_4013_4013_4050_4049_4049_4049_4086_4085_2584_2583_2583_2583_2602_2601_2601_2601_2630_2629_1020
可   17	36	9289	8.98469,-469.171,7131_1418_1474_1473_1473_1473_1473_1473_1532_4116_4115_4115_4115_4115_4136_4135_4135_4135_4135_4172_4171_4171_4171_1314_1313_1313_1322_1321_1321_1332_1331_1331_4014_4013_4013_4013_4050_4049_4049_4049_4086_4085_2584_2583_2583_2583_2602_2601_2601_2601_2630_2629_1020_1019_1019_1019_1019
的   17	53	32371	3.10666,29.1686,7131_1418_1474_1532
科   17	51	34072	2.41758,-147.67,7131_1418_1474_1473_1473_1473_1473_1473_1532_4116_4115_4115_4115_4115_4136_4135_4135_4135_4135_4172_4171_4171_1260_1259_1262_1261_1261_1261_1268_1267_1267_1267_4014_4013_4013_4013_4050_4049_4049
县   18	19	8604	-3.8629,-100.402,4031_4076_4075_2656_2655_2655_2658_2657_2657_2657_2657_2657_2657_2657_2670_2669_2669_6892_6891_6891_6891_6891_6932_6931_6931_6948_6947_6947_2858_2857_2857_2874_2892_2891_2891_2891_2891_2891
显得   18	23	23663	14.5366,-945.575,4076_4075_4075_2656_2655_2655_2658_2657_2657_2657_2657_2657_2657_2670_2669_2669_6892_6891_6891_6891_6891_6891_6932_6931_6931_6948_6947_6947_2816_2815_2815_2828_2838_2837_2837_2837_2837_2837_2837_1082_1081_1081_1204_1252_1251_1430_1429_1429_1492_1491_1491_1491_1532_4116_4115_4115_4115_4115_4136_4135_4135
的   19	20	32371	11.1911,-834.999,2891
科技   20	6	34087	14.7949,-1113.64,1082_1081_1081_1204_1252_1251_1430_1429_1429_1492_1491_1491_1491_1532_4116_4115_4115_4115_4115_4136_4135_4135_4135_4135_4172_4171_4171_1260_1259_1262_1261_1261_1261_1268_1267_1267_1267_4014_4013_4013_4013_4050_4049_4049_4049_4086_4085_2584_2583_2583_2583_2602_2601
的   21	22	32371	11.7174,-816.6,
得   21	16	18136	15.3111,-816.6,1082_1081_1081_1204_1252_1251_1430
地   21	41	11607	16.4146,-816.6,1082_1081_1081_1204_1252_1251_1430_1429_1429_1492_1491_1491_1491_1532_4116_4115_4115_4115_4115_4136_4135_4135
科技   22	6	34087	14.7949,-1113.64,1082_1081_1081_1204_1252_1251_1430_1429_1429_1492_1491_1491_1491_1532_4116_4115_4115_4115_4115_4136_4135_4135_4135_4135_4172_4171_4171_1260_1259_1262_1261_1261_1261_1268_1267_1267_1267_4014_4013_4013_4013_4050_4049_4049_4049_4086_4085_2584_2583_2583_2583_2602_2601
科技   23	11	34087	14.163,-1113.64,4135_4135_4172_4171_4171_1260_1259_1262_1261_1261_1261_1268_1267_1267_1267_4014_4013_4013_4013_4050_4049_4049_4049_4086_4085_2584_2583_2583_2583_2602_2601_2601_2601_2630_2629_1020
可   23	36	9289	8.25715,-469.171,4135_4135_4172_4171_4171_4171_1314_1313_1313_1322_1321_1321_1332_1331_1331_4014_4013_4013_4013_4050_4049_4049_4049_4086_4085_2584_2583_2583_2583_2602_2601_2601_2601_2630_2629_1020_1019_1019_1019_1019
显得   24	23	23663	14.5366,-945.575,6947_6947_2816_2815_2815_2828_2838_2837_2837_2837_2837_2837_2837_1082_1081_1081_1204_1252_1251_1430_1429_1429_1492_1491_1491_1491_1532_4116_4115_4115_4115_4115_4136_4135_4135
县   24	28	8604	3.17537,-102.59,6947_6947_2858_2857_2857_2874_2892_2891_2891_2891_2891_2891_2891_1082_1081
先   24	31	4853	4.68579,-132.71,6947_6947_2738_2737_2737_2750_2764_2763_2763_2763_2763_2763_2763
闲   24	35	46128	4.14628,-179.096,6947_6947_2778_2777_2780_2779_2810_2809
显得   25	23	23663	14.1851,-945.575,6931_6948_6947_6947_2816_2815_2815_2828_2838_2837_2837_2837_2837_2837_2837_1082_1081_1081_1204_1252_1251_1430_1429_1429_1492_1491_1491_1491_1532_4116_4115_4115_4115_4115_4136_4135_4135
闲   25	30	46128	2.86698,-179.096,6931_6948
县   25	28	8604	2.22712,-102.59,6931_6948_6947_6947_2858_2857_2857_2874_2892_2891_2891_2891_2891_2891_2891_1082_1081
先   25	21	4853	4.2268,-132.71,6931_6948_6947_6947_2738_2737_2737_2750_2764_2763_2763_2763_2763_2763_2763
显得   26	23	23663	14.5366,-945.575,6947_6947_2816_2815_2815_2828_2838_2837_2837_2837_2837_2837_2837_1082_1081_1081_1204_1252_1251_1430_1429_1429_1492_1491_1491_1491_1532_4116_4115_4115_4115_4115_4136_4135_4135
县   26	28	8604	1.72615,-102.59,6947_6947_2858_2857_2857_2874_2892_2891_2891_2891_2891_2891_2891_1082_1081
先   26	31	4853	4.68579,-132.71,6947_6947_2738_2737_2737_2750_2764_2763_2763_2763_2763_2763_2763
闲   26	35	46128	4.14628,-179.096,6947_6947_2778_2777_2780_2779_2810_2809
家   27	25	15015	5.45986,-354.852,4011_4032_4076_4075_4075_2656_2655_2655_2658_2657_2657_2657_2657_2657_2657_2670_2669_2669_6892_6891_6891_6891_6891_6891_6932_6931
佳   27	48	3891	10.3309,-354.852,4011_4032_4076_4075_4075_2656_2655_2655_2658_2657_2657_2657_2657_2657_2657_2670_2669_2669_6892_6891_6891_6891_6891_6891
加   27	24	7253	9.37099,-354.852,4011_4032_4076_4075_4075_2656_2655_2655_2658_2657_2657_2657_2657_2657_2657_2670_2669_2669_6892_6891_6891_6891_6891_6891_6932_6931_6931_6948
加薪   27	39	7301	7.94414,-439.895,4011_4032_4076_4075_4075_2656_2655_2655_2658_2657_2657_2657_2657_2657_2657_2670_2669_2669_6892_6891_6891_6891_6891_6891_6891_6916_6974_6973_6973_6973_3394_3393_3410_3409_3409_3409_3409_3416_3415_3415_3415
的   28	29	32371	12.0134,-834.999,1081_1204_1252_1251_1430
科技   29	6	34087	14.7949,-1113.64,1429_1429_1492_1491_1491_1491_1532_4116_4115_4115_4115_4115_4136_4135_4135_4135_4135_4172_4171_4171_1260_1259_1262_1261_1261_1261_1268_1267_1267_1267_4014_4013_4013_4013_4050_4049_4049_4049_4086_4085_2584_2583_2583_2583_2602_2601
的   30	5	32371	12.5163,-770.769,6947_6947_2778_2777_2780_2779_2810_2809_2809_2809_2809_2809_2809
地   30	10	11607	14.2526,-770.769,6947_6947_2778_2777_2780_2779_2810_2809_2809_2809_2809_2809_2809_1082_1081_1081_1204_1252_1251_1430
得   30	16	18136	15.4694,-770.769,6947_6947_2778_2777_2780_2779_2810_2809_2809_2809_2809_2809_2809_1082_1081_1081_1204_1252_1251_1430
着   30	17	32988	11.9567,-735.584,6947_6947_2778_2777_2780_2779_2808_2807_2807_2807_2807_2807_2807_2807_7080_7079_7124_7132
的   31	22	32371	11.7174,-816.6,
得   31	16	18136	15.3102,-816.6,1082_1081_1081_1204_1252_1251_1430
的   32	33	32371	8.94229,-660.324,1893_1910_1926_1092_1196_1220_2450_2449_2449_2449_2449_2449_2449
工作   33	34	16359	1.99673,-470.495,2474_2492_2116_2142_2141_2141_2141_2188_2187_4584_4604_4603_4603_4603_4603_4614_4613_4613_4613_4613_4613_6988_6987_6987_7026_7025_7025_7025_7058_7057_7057_6292_6291_6291_6291_6291_6296_6295_6295_6295_6306_6305_6305_6305_6305_6305_6305_6305
34	0,0,6305_6305_6305
的   35	5	32371	12.5163,-770.769,2809_2809_2809_2809_2809
地   35	10	11607	14.2526,-770.769,2809_2809_2809_2809_2809_1082_1081_1081_1204_1252_1251_1430
继承   36	37	36119	7.33814,-428.236,1040_1039_1039_1039_1050_1049_1049_1049_1894_1893
的   37	33	32371	8.94229,-660.324,1893_1910_1926_1092_1196_1220_2450_2449_2449_2449_2449_2449_2449
科技   38	6	34087	14.7949,-1113.64,1429_1492_1532_1114_1204_1228_1430_1492_1532_4116_4115_4115_4136_4135_4135_4135_4135_4172_4171_4171_1260_1259_1262_1261_1261_1261_1268_1267_1267_1267_4014_4013_4013_4013_4050_4049_4049_4049_4086_4085_2584_2583_2583_2583_2602_2601
的   39	40	32371	11.7174,-816.6,1112_1111_1111_1204_1252_1251_1430_1429_1429_1492_1491_1491_1491_1532_4116_4115_4115_4115_4115_4136_4135_4135_4135_4135_4172_4171_4171_1260_1259_1262_1261_1261_1261_1268
科技   40	6	34087	14.7949,-1113.64,1267_1267_1267_4014_4013_4013_4013_4050_4049_4049_4049_4086_4085_2584_2583_2583_2583_2602_2601
科技   41	11	34087	14.163,-1113.64,4135_4135_4172_4171_4171_1260_1259_1262_1261_1261_1261_1268_1267_1267_1267_4014_4013_4013_4013_4050_4049_4049_4049_4086_4085_2584_2583_2583_2583_2602_2601_2601_2601_2630_2629_1020
科技   42	6	34087	14.7949,-1113.64,1429_1492_1532_1114_1204_1228_1430_1492_1532_4116_4115_4115_4136_4135_4135_4135_4135_4172_4171_4171_1260_1259_1262_1261_1261_1261_1268_1267_1267_1267_4014_4013_4013_4013_4050_4049_4049_4049_4086_4085_2584_2583_2583_2583_2602_2601
技   43	44	20260	11.9207,-579.142,4049_4049_4049_4086_4085_2584_2583_2583_2583_2602_2601_2601_2601_2630_2629_1020_1019_1019_1019_1019_1040
成   44	37	19528	2.83508,-173.418,1039_1039_1039_1050_1049_1049_1049_1894_1893
城   44	55	11949	4.53135,-174.135,1039_1039_1039_1050_1049_1049_1049_1894
加   45	24	7253	11.96,-897.053,4076_4075_4075_2656_2655_2655_2658_2657_2657_2657_2657_2657_2657_2670_2669_2669_6892_6891_6891_6891_6891_6891_6932_6931_6931_6948
家   45	25	15015	14.0352,-897.053,4076_4075_4075_2656_2655_2655_2658_2657_2657_2657_2657_2657_2657_2670_2669_2669_6892_6891_6891_6891_6891_6891_6932_6931
家   46	25	15015	14.0352,-897.053,4075_4075_2656_2655_2655_2658_2657_2657_2657_2657_2657_2657_2670_2669_2669_6892_6891_6891_6891_6891_6891_6932_6931
佳   46	48	3891	16.8486,-897.053,4075_4075_2656_2655_2655_2658_2657_2657_2657_2657_2657_2657_2670_2669_2669_6892_6891_6891_6891_6891_6891
加   46	24	7253	15.8887,-897.053,4075_4075_2656_2655_2655_2658_2657_2657_2657_2657_2657_2657_2670_2669_2669_6892_6891_6891_6891_6891_6891_6932_6931_6931_6948
的   47	33	32371	8.66578,-663.936,1863_1880_1886_1092_1196_1220_2450_2449_2449_2449_2449_2449_2449
县   48	19	8604	0.25535,-102.361,6891_6932_6931_6948_6947_6947_2858_2857_2857_2874_2892_2891_2891_2891_2891_2891
做   49	50	4562	3.18594,-465.353,
作   49	54	3810	4.51797,-465.353,4604_4603_4603_4603_4603_4614_4613_4613_4613_4613_4613_6988_6987_6987_6987_7026_7025_7025_7058_7057_7057_6292_6291_6291_6291_6291_6296_6295_6295_6295_6306_6305_6305_6305_6305_6305_6305_6305_6305_6305_6305
50	0,0,4604_4603_4603_4603_4603_4614_4613_4613_4613_4613_4613_6988_6987_6987_6987_7026_7025_7025_7058_7057_7057_6292_6291_6291_6291_6291_6296_6295_6295_6295_6306_6305_6305_6305_6305_6305_6305_6305_6305_6305_6305
技   51	52	20260	4.37795,-460.38,4049_4086_4085_2584_2583_2583_2583_2602_2601_2601_2601_2630_2629_1020_1019_1019_1019_1019_1040
成   52	37	19528	10.623,-292.18,1039_1039_1039_1050_1049_1049_1049_1894_1893
科技   53	6	34087	14.7949,-1113.64,1114_1204_1228_1430_1492_1532_4116_4115_4115_4115_4136_4135_4135_4135_4135_4172_4171_4171_1260_1259_1262_1261_1261_1261_1268_1267_1267_1267_4014_4013_4013_4013_4050_4049_4049_4049_4086_4085_2584_2583_2583_2583_2602_2601
54
的   55	8	32371	9.49211,-659.607,1893_1893_1910_1926_1092_1196_1220_2450_2449_2449_2449_2449_2449_2449

